0.000000 -1.570796 0.000000
-0.011372 -1.572568 -0.013943
-0.022744 -1.574340 -0.027886
-0.034116 -1.576111 -0.041829
-0.045488 -1.577883 -0.055772
-0.056859 -1.579655 -0.069715
-0.068231 -1.581426 -0.083658
-0.079603 -1.583198 -0.097601
-0.090975 -1.584970 -0.111544
-0.102347 -1.586741 -0.125486
-0.113719 -1.588513 -0.139429
-0.125091 -1.590285 -0.153372
-0.136463 -1.592056 -0.167315
-0.147834 -1.593828 -0.181258
-0.159206 -1.595600 -0.195201
-0.170578 -1.597371 -0.209144
-0.181950 -1.599143 -0.223087
-0.193322 -1.600915 -0.237030
-0.206739 -1.600161 -0.248493
-0.220156 -1.599408 -0.259956
-0.233573 -1.598655 -0.271420
-0.246991 -1.597902 -0.282883
-0.260408 -1.597149 -0.294346
-0.273825 -1.596395 -0.305809
-0.287242 -1.595642 -0.317272
-0.300659 -1.594889 -0.328736
-0.314076 -1.594136 -0.340199
-0.327493 -1.593382 -0.351662
-0.340911 -1.592629 -0.363125
-0.354328 -1.591876 -0.374588
-0.367745 -1.591123 -0.386052
-0.381162 -1.590369 -0.397515
-0.394579 -1.589616 -0.408978
-0.407996 -1.588863 -0.420441
-0.421414 -1.588110 -0.431904
-0.434831 -1.587357 -0.443368
-0.448248 -1.586603 -0.454831
-0.461665 -1.585850 -0.466294
-0.475082 -1.585097 -0.477757
-0.488499 -1.584344 -0.489220
-0.501917 -1.583590 -0.500684
-0.515334 -1.582837 -0.512147
-0.528751 -1.582084 -0.523610
-0.542168 -1.581331 -0.535073
-0.555585 -1.580577 -0.546536
-0.569002 -1.579824 -0.558000
-0.582419 -1.579071 -0.569463
-0.595837 -1.578318 -0.580926
-0.609254 -1.577565 -0.592389
-0.622671 -1.576811 -0.603852
-0.636088 -1.576058 -0.615316
-0.649505 -1.575305 -0.626779
-0.662922 -1.574552 -0.638242
-0.676340 -1.573798 -0.649705
-0.689757 -1.573045 -0.661168
-0.703174 -1.572292 -0.672632
-0.714928 -1.571585 -0.685589
-0.726683 -1.570877 -0.698546
-0.738437 -1.570170 -0.711503
-0.750192 -1.569462 -0.724459
-0.761946 -1.568755 -0.737416
-0.773701 -1.568047 -0.750373
-0.785455 -1.567340 -0.763330
-0.797210 -1.566632 -0.776287
-0.808965 -1.565925 -0.789244
-0.820719 -1.565217 -0.802201
-0.832474 -1.564510 -0.815158
-0.844228 -1.563803 -0.828115
-0.855983 -1.563095 -0.841072
-0.867737 -1.562388 -0.854029
-0.879492 -1.561680 -0.866986
-0.891246 -1.560973 -0.879943
-0.903001 -1.560265 -0.892900
-0.914755 -1.559558 -0.905857
-0.926510 -1.558850 -0.918814
-0.938264 -1.558143 -0.931771
-0.950019 -1.557436 -0.944728
-0.961773 -1.556728 -0.957685
-0.973528 -1.556021 -0.970642
-0.985282 -1.555313 -0.983599
-0.997037 -1.554606 -0.996556
-1.008791 -1.553898 -1.009513
-1.020546 -1.553191 -1.022469
-1.032300 -1.552483 -1.035426
-1.044055 -1.551776 -1.048383
-1.055809 -1.551068 -1.061340
-1.067564 -1.550361 -1.074297
-1.079319 -1.549654 -1.087254
-1.091073 -1.548946 -1.100211
-1.102828 -1.548239 -1.113168
-1.114582 -1.547531 -1.126125
-1.126337 -1.546824 -1.139082
-1.138091 -1.546116 -1.152039
-1.149846 -1.545409 -1.164996
-1.161600 -1.544701 -1.177953
-1.173355 -1.543994 -1.190910
-1.185109 -1.543287 -1.203867
-1.196864 -1.542579 -1.216824
-1.208618 -1.541872 -1.229781
-1.220373 -1.541164 -1.242738
-1.232127 -1.540457 -1.255695
-1.243882 -1.539749 -1.268652
-1.256914 -1.537060 -1.280032
-1.269946 -1.534371 -1.291413
-1.282979 -1.531681 -1.302793
-1.296011 -1.528992 -1.314174
-1.309043 -1.526303 -1.325554
-1.322076 -1.523613 -1.336935
-1.335108 -1.520924 -1.348315
-1.348140 -1.518235 -1.359696
-1.361172 -1.515545 -1.371077
-1.374205 -1.512856 -1.382457
-1.387237 -1.510167 -1.393838
-1.400269 -1.507478 -1.405218
-1.413301 -1.504788 -1.416599
-1.426334 -1.502099 -1.427979
-1.439366 -1.499410 -1.439360
-1.452398 -1.496720 -1.450740
-1.465431 -1.494031 -1.462121
-1.478463 -1.491342 -1.473501
-1.491495 -1.488652 -1.484882
-1.504527 -1.485963 -1.496262
-1.517560 -1.483274 -1.507643
-1.530592 -1.480584 -1.519024
-1.543624 -1.477895 -1.530404
-1.556657 -1.475206 -1.541785
-1.569689 -1.472516 -1.553165
-1.582721 -1.469827 -1.564546
-1.595753 -1.467138 -1.575926
-1.608786 -1.464449 -1.587307
-1.621818 -1.461759 -1.598687
-1.634850 -1.459070 -1.610068
-1.647882 -1.456381 -1.621448
-1.660915 -1.453691 -1.632829
-1.673947 -1.451002 -1.644209
-1.686979 -1.448313 -1.655590
-1.700012 -1.445623 -1.666971
-1.713044 -1.442934 -1.678351
-1.726076 -1.440245 -1.689732
-1.739108 -1.437555 -1.701112
-1.752141 -1.434866 -1.712493
-1.765173 -1.432177 -1.723873
-1.778205 -1.429487 -1.735254
-1.791238 -1.426798 -1.746634
-1.804270 -1.424109 -1.758015
-1.817302 -1.421419 -1.769395
-1.830334 -1.418730 -1.780776
-1.843367 -1.416041 -1.792156
-1.856399 -1.413352 -1.803537
-1.871468 -1.412058 -1.812247
-1.886537 -1.410764 -1.820957
-1.901607 -1.409470 -1.829667
-1.916676 -1.408176 -1.838377
-1.931745 -1.406883 -1.847087
-1.946814 -1.405589 -1.855797
-1.961884 -1.404295 -1.864507
-1.976953 -1.403001 -1.873217
-1.992022 -1.401708 -1.881927
-2.007091 -1.400414 -1.890637
-2.022161 -1.399120 -1.899348
-2.037230 -1.397826 -1.908058
-2.052299 -1.396532 -1.916768
-2.067368 -1.395239 -1.925478
-2.082438 -1.393945 -1.934188
-2.097507 -1.392651 -1.942898
-2.112576 -1.391357 -1.951608
-2.127645 -1.390064 -1.960318
-2.142715 -1.388770 -1.969028
-2.157784 -1.387476 -1.977738
-2.172853 -1.386182 -1.986448
-2.187922 -1.384888 -1.995158
-2.202992 -1.383595 -2.003868
-2.218061 -1.382301 -2.012578
-2.233130 -1.381007 -2.021288
-2.248199 -1.379713 -2.029998
-2.263269 -1.378420 -2.038708
-2.278338 -1.377126 -2.047418
-2.293407 -1.375832 -2.056128
-2.308476 -1.374538 -2.064838
-2.323545 -1.373244 -2.073548
-2.338615 -1.371951 -2.082258
-2.353684 -1.370657 -2.090968
-2.368753 -1.369363 -2.099678
-2.383822 -1.368069 -2.108389
-2.397446 -1.377736 -2.102104
-2.411069 -1.387402 -2.095820
-2.424693 -1.397069 -2.089536
-2.438316 -1.406735 -2.083252
-2.451940 -1.416402 -2.076967
-2.465563 -1.426068 -2.070683
-2.479187 -1.435734 -2.064399
-2.492810 -1.445401 -2.058115
-2.506434 -1.455067 -2.051831
-2.520057 -1.464734 -2.045546
-2.533681 -1.474400 -2.039262
-2.547304 -1.484067 -2.032978
-2.560928 -1.493733 -2.026694
-2.574551 -1.503400 -2.020410
-2.588175 -1.513066 -2.014125
-2.601798 -1.522732 -2.007841
-2.615422 -1.532399 -2.001557
-2.629045 -1.542065 -1.995273
-2.642669 -1.551732 -1.988989
-2.656292 -1.561398 -1.982704
-2.669916 -1.571065 -1.976420
-2.683539 -1.580731 -1.970136
-2.697162 -1.590398 -1.963852
-2.710786 -1.600064 -1.957567
-2.724409 -1.609731 -1.951283
-2.738033 -1.619397 -1.944999
-2.751656 -1.629063 -1.938715
-2.765280 -1.638730 -1.932431
-2.778903 -1.648396 -1.926146
-2.792527 -1.658063 -1.919862
