0.000000 -1.570796 0.000000
-0.014665 -1.571220 -0.010413
-0.029330 -1.571644 -0.020826
-0.043995 -1.572068 -0.031239
-0.058660 -1.572492 -0.041652
-0.073325 -1.572916 -0.052065
-0.087990 -1.573340 -0.062478
-0.102655 -1.573764 -0.072892
-0.117320 -1.574188 -0.083305
-0.131984 -1.574611 -0.093718
-0.146649 -1.575035 -0.104131
-0.161314 -1.575459 -0.114544
-0.175979 -1.575883 -0.124957
-0.190644 -1.576307 -0.135370
-0.205309 -1.576731 -0.145783
-0.219974 -1.577155 -0.156196
-0.234639 -1.577579 -0.166609
-0.249304 -1.578003 -0.177022
-0.263969 -1.578427 -0.187435
-0.278634 -1.578851 -0.197849
-0.293299 -1.579274 -0.208262
-0.307964 -1.579698 -0.218675
-0.322629 -1.580122 -0.229088
-0.337294 -1.580546 -0.239501
-0.351959 -1.580970 -0.249914
-0.366597 -1.579685 -0.259843
-0.381236 -1.578400 -0.269773
-0.395875 -1.577115 -0.279702
-0.410513 -1.575829 -0.289631
-0.425152 -1.574544 -0.299561
-0.439791 -1.573259 -0.309490
-0.454429 -1.571974 -0.319420
-0.469068 -1.570689 -0.329349
-0.483707 -1.569403 -0.339278
-0.498345 -1.568118 -0.349208
-0.512984 -1.566833 -0.359137
-0.527623 -1.565548 -0.369066
-0.542262 -1.564263 -0.378996
-0.556900 -1.562978 -0.388925
-0.571539 -1.561692 -0.398855
-0.586178 -1.560407 -0.408784
-0.600816 -1.559122 -0.418713
-0.615455 -1.557837 -0.428643
-0.630094 -1.556552 -0.438572
-0.644732 -1.555267 -0.448502
-0.659371 -1.553981 -0.458431
-0.674010 -1.552696 -0.468360
-0.688648 -1.551411 -0.478290
-0.703287 -1.550126 -0.488219
-0.717926 -1.548841 -0.498148
-0.732565 -1.547555 -0.508078
-0.747203 -1.546270 -0.518007
-0.761842 -1.544985 -0.527937
-0.776481 -1.543700 -0.537866
-0.791119 -1.542415 -0.547795
-0.805758 -1.541130 -0.557725
-0.820397 -1.539844 -0.567654
-0.835035 -1.538559 -0.577583
-0.849674 -1.537274 -0.587513
-0.864313 -1.535989 -0.597442
-0.878951 -1.534704 -0.607372
-0.893590 -1.533419 -0.617301
-0.908229 -1.532133 -0.627230
-0.922867 -1.530848 -0.637160
-0.937506 -1.529563 -0.647089
-0.952145 -1.528278 -0.657018
-0.966784 -1.526993 -0.666948
-0.981422 -1.525707 -0.676877
-0.996061 -1.524422 -0.686807
-1.010700 -1.523137 -0.696736
-1.025797 -1.524742 -0.705696
-1.040895 -1.526346 -0.714657
-1.055993 -1.527950 -0.723617
-1.071091 -1.529555 -0.732577
-1.086188 -1.531159 -0.741538
-1.101286 -1.532764 -0.750498
-1.116384 -1.534368 -0.759458
-1.131481 -1.535973 -0.768419
-1.146579 -1.537577 -0.777379
-1.161677 -1.539181 -0.786339
-1.176775 -1.540786 -0.795300
-1.191872 -1.542390 -0.804260
-1.206970 -1.543995 -0.813221
-1.222068 -1.545599 -0.822181
-1.237165 -1.547204 -0.831141
-1.252263 -1.548808 -0.840102
-1.267361 -1.550412 -0.849062
-1.282459 -1.552017 -0.858022
-1.297556 -1.553621 -0.866983
-1.312654 -1.555226 -0.875943
-1.327752 -1.556830 -0.884903
-1.342850 -1.558434 -0.893864
-1.357947 -1.560039 -0.902824
-1.373045 -1.561643 -0.911784
-1.388143 -1.563248 -0.920745
-1.403240 -1.564852 -0.929705
-1.418338 -1.566457 -0.938665
-1.433436 -1.568061 -0.947626
-1.448534 -1.569665 -0.956586
-1.463631 -1.571270 -0.965546
-1.478729 -1.572874 -0.974507
-1.493827 -1.574479 -0.983467
-1.508924 -1.576083 -0.992427
-1.524022 -1.577688 -1.001388
-1.539120 -1.579292 -1.010348
-1.554218 -1.580896 -1.019309
-1.569315 -1.582501 -1.028269
-1.584413 -1.584105 -1.037229
-1.599511 -1.585710 -1.046190
-1.614609 -1.587314 -1.055150
-1.629706 -1.588919 -1.064110
-1.644804 -1.590523 -1.073071
-1.659902 -1.592127 -1.082031
-1.674999 -1.593732 -1.090991
-1.690097 -1.595336 -1.099952
-1.705195 -1.596941 -1.108912
-1.720293 -1.598545 -1.117872
-1.735390 -1.600149 -1.126833
-1.749629 -1.597938 -1.137296
-1.763868 -1.595727 -1.147759
-1.778107 -1.593516 -1.158222
-1.792345 -1.591305 -1.168685
-1.806584 -1.589094 -1.179148
-1.820823 -1.586883 -1.189611
-1.835062 -1.584672 -1.200074
-1.849301 -1.582461 -1.210537
-1.863539 -1.580250 -1.221000
-1.877778 -1.578039 -1.231463
-1.892017 -1.575828 -1.241926
-1.906256 -1.573617 -1.252389
-1.920494 -1.571405 -1.262852
-1.934733 -1.569194 -1.273315
-1.948972 -1.566983 -1.283778
-1.963211 -1.564772 -1.294241
-1.977449 -1.562561 -1.304704
-1.991688 -1.560350 -1.315167
-2.005927 -1.558139 -1.325630
-2.020166 -1.555928 -1.336093
-2.034405 -1.553717 -1.346556
-2.048643 -1.551506 -1.357019
-2.062882 -1.549295 -1.367482
-2.077121 -1.547084 -1.377945
-2.091360 -1.544873 -1.388408
-2.105598 -1.542661 -1.398871
-2.119837 -1.540450 -1.409334
-2.134076 -1.538239 -1.419797
-2.148315 -1.536028 -1.430260
-2.162554 -1.533817 -1.440723
-2.176792 -1.531606 -1.451186
-2.191031 -1.529395 -1.461649
-2.205270 -1.527184 -1.472112
-2.219509 -1.524973 -1.482575
-2.233747 -1.522762 -1.493038
-2.247986 -1.520551 -1.503501
-2.262225 -1.518340 -1.513964
-2.276464 -1.516129 -1.524427
-2.290703 -1.513917 -1.534890
-2.304941 -1.511706 -1.545353
-2.319180 -1.509495 -1.555816
-2.333419 -1.507284 -1.566279
-2.347658 -1.505073 -1.576742
-2.361896 -1.502862 -1.587205
-2.376135 -1.500651 -1.597668
-2.390374 -1.498440 -1.608131
-2.404613 -1.496229 -1.618594
-2.418852 -1.494018 -1.629057
-2.433090 -1.491807 -1.639520
-2.448598 -1.488915 -1.649014
-2.464106 -1.486024 -1.658507
-2.479614 -1.483132 -1.668001
-2.495122 -1.480241 -1.677494
-2.510630 -1.477349 -1.686988
-2.526138 -1.474458 -1.696481
-2.541646 -1.471566 -1.705975
-2.557154 -1.468674 -1.715469
-2.567387 -1.480703 -1.724355
-2.577621 -1.492731 -1.733242
-2.587855 -1.504760 -1.742129
-2.598088 -1.516788 -1.751015
-2.608322 -1.528817 -1.759902
-2.618555 -1.540845 -1.768789
-2.628789 -1.552874 -1.777675
-2.639023 -1.564902 -1.786562
-2.649256 -1.576931 -1.795449
-2.659490 -1.588959 -1.804335
-2.669723 -1.600988 -1.813222
-2.679957 -1.613016 -1.822109
-2.690191 -1.625045 -1.830995
-2.700424 -1.637073 -1.839882
-2.710658 -1.649102 -1.848769
-2.720892 -1.661130 -1.857655
-2.731125 -1.673158 -1.866542
-2.741359 -1.685187 -1.875429
-2.751592 -1.697215 -1.884315
-2.761826 -1.709244 -1.893202
-2.772060 -1.721272 -1.902089
-2.782293 -1.733301 -1.910975
-2.792527 -1.745329 -1.919862
