0.000000 -1.570796 0.000000
-0.011372 -1.572568 -0.013943
-0.022744 -1.574340 -0.027886
-0.034116 -1.576111 -0.041829
-0.045488 -1.577883 -0.055772
-0.056859 -1.579655 -0.069715
-0.068231 -1.581426 -0.083658
-0.079603 -1.583198 -0.097601
-0.090975 -1.584970 -0.111544
-0.102347 -1.586741 -0.125486
-0.113719 -1.588513 -0.139429
-0.125091 -1.590285 -0.153372
-0.136463 -1.592056 -0.167315
-0.147834 -1.593828 -0.181258
-0.159206 -1.595600 -0.195201
-0.170578 -1.597371 -0.209144
-0.181950 -1.599143 -0.223087
-0.193322 -1.600915 -0.237030
-0.206739 -1.600161 -0.248493
-0.220156 -1.599408 -0.259956
-0.233573 -1.598655 -0.271420
-0.246991 -1.597902 -0.282883
-0.260408 -1.597149 -0.294346
-0.273825 -1.596395 -0.305809
-0.287242 -1.595642 -0.317272
-0.300659 -1.594889 -0.328736
-0.314076 -1.594136 -0.340199
-0.327493 -1.593382 -0.351662
-0.340911 -1.592629 -0.363125
-0.354328 -1.591876 -0.374588
-0.367745 -1.591123 -0.386052
-0.381162 -1.590369 -0.397515
-0.394579 -1.589616 -0.408978
-0.407996 -1.588863 -0.420441
-0.421414 -1.588110 -0.431904
-0.434831 -1.587357 -0.443368
-0.448248 -1.586603 -0.454831
-0.461665 -1.585850 -0.466294
-0.475082 -1.585097 -0.477757
-0.488499 -1.584344 -0.489220
-0.501917 -1.583590 -0.500684
-0.515334 -1.582837 -0.512147
-0.528751 -1.582084 -0.523610
-0.542168 -1.581331 -0.535073
-0.555585 -1.580577 -0.546536
-0.569002 -1.579824 -0.558000
-0.582419 -1.579071 -0.569463
-0.595837 -1.578318 -0.580926
-0.609254 -1.577565 -0.592389
-0.622671 -1.576811 -0.603852
-0.636088 -1.576058 -0.615316
-0.649505 -1.575305 -0.626779
-0.662922 -1.574552 -0.638242
-0.676340 -1.573798 -0.649705
-0.689757 -1.573045 -0.661168
-0.703174 -1.572292 -0.672632
-0.714928 -1.571585 -0.685589
-0.726683 -1.570877 -0.698546
-0.738437 -1.570170 -0.711503
-0.750192 -1.569462 -0.724459
-0.761946 -1.568755 -0.737416
-0.773701 -1.568047 -0.750373
-0.785455 -1.567340 -0.763330
-0.797210 -1.566632 -0.776287
-0.808965 -1.565925 -0.789244
-0.820719 -1.565217 -0.802201
-0.832474 -1.564510 -0.815158
-0.844228 -1.563803 -0.828115
-0.855983 -1.563095 -0.841072
-0.867737 -1.562388 -0.854029
-0.879492 -1.561680 -0.866986
-0.891246 -1.560973 -0.879943
-0.903001 -1.560265 -0.892900
-0.914755 -1.559558 -0.905857
-0.926510 -1.558850 -0.918814
-0.938264 -1.558143 -0.931771
-0.950019 -1.557436 -0.944728
-0.961773 -1.556728 -0.957685
-0.973528 -1.556021 -0.970642
-0.985282 -1.555313 -0.983599
-0.997037 -1.554606 -0.996556
-1.008791 -1.553898 -1.009513
-1.020546 -1.553191 -1.022469
-1.032300 -1.552483 -1.035426
-1.044055 -1.551776 -1.048383
-1.055809 -1.551068 -1.061340
-1.067564 -1.550361 -1.074297
-1.079319 -1.549654 -1.087254
-1.091073 -1.548946 -1.100211
-1.102828 -1.548239 -1.113168
-1.114582 -1.547531 -1.126125
-1.126337 -1.546824 -1.139082
-1.138091 -1.546116 -1.152039
-1.149846 -1.545409 -1.164996
-1.161600 -1.544701 -1.177953
-1.173355 -1.543994 -1.190910
-1.185109 -1.543287 -1.203867
-1.196864 -1.542579 -1.216824
-1.208618 -1.541872 -1.229781
-1.220373 -1.541164 -1.242738
-1.232127 -1.540457 -1.255695
-1.243882 -1.539749 -1.268652
-1.256914 -1.537060 -1.280032
-1.269946 -1.534371 -1.291413
-1.282979 -1.531681 -1.302793
-1.296011 -1.528992 -1.314174
-1.309043 -1.526303 -1.325554
-1.322076 -1.523613 -1.336935
-1.335108 -1.520924 -1.348315
-1.348140 -1.518235 -1.359696
-1.361172 -1.515545 -1.371077
-1.374205 -1.512856 -1.382457
-1.387237 -1.510167 -1.393838
-1.400269 -1.507478 -1.405218
-1.413301 -1.504788 -1.416599
-1.426334 -1.502099 -1.427979
-1.439366 -1.499410 -1.439360
-1.452398 -1.496720 -1.450740
-1.465431 -1.494031 -1.462121
-1.478463 -1.491342 -1.473501
-1.491495 -1.488652 -1.484882
-1.504527 -1.485963 -1.496262
-1.517560 -1.483274 -1.507643
-1.530592 -1.480584 -1.519024
-1.543624 -1.477895 -1.530404
-1.556657 -1.475206 -1.541785
-1.569689 -1.472516 -1.553165
-1.582721 -1.469827 -1.564546
-1.595753 -1.467138 -1.575926
-1.608786 -1.464449 -1.587307
-1.621818 -1.461759 -1.598687
-1.634850 -1.459070 -1.610068
-1.647882 -1.456381 -1.621448
-1.660915 -1.453691 -1.632829
-1.673947 -1.451002 -1.644209
-1.686979 -1.448313 -1.655590
-1.700012 -1.445623 -1.666971
-1.713044 -1.442934 -1.678351
-1.726076 -1.440245 -1.689732
-1.739108 -1.437555 -1.701112
-1.752141 -1.434866 -1.712493
-1.765173 -1.432177 -1.723873
-1.778205 -1.429487 -1.735254
-1.791238 -1.426798 -1.746634
-1.804270 -1.424109 -1.758015
-1.817302 -1.421419 -1.769395
-1.830334 -1.418730 -1.780776
-1.843367 -1.416041 -1.792156
-1.856399 -1.413352 -1.803537
-1.872922 -1.416733 -1.808086
-1.889445 -1.420115 -1.812635
-1.905968 -1.423496 -1.817184
-1.922491 -1.426878 -1.821733
-1.939014 -1.430259 -1.826282
-1.955537 -1.433641 -1.830831
-1.972060 -1.437022 -1.835380
-1.988583 -1.440404 -1.839929
-2.005106 -1.443785 -1.844478
-2.021629 -1.447167 -1.849027
-2.038152 -1.450548 -1.853576
-2.054675 -1.453930 -1.858125
-2.071198 -1.457311 -1.862673
-2.087721 -1.460693 -1.867222
-2.104245 -1.464074 -1.871771
-2.120768 -1.467456 -1.876320
-2.137291 -1.470837 -1.880869
-2.153814 -1.474219 -1.885418
-2.170337 -1.477600 -1.889967
-2.186860 -1.480982 -1.894516
-2.203383 -1.484363 -1.899065
-2.219906 -1.487745 -1.903614
-2.236429 -1.491127 -1.908163
-2.252952 -1.494508 -1.912712
-2.269475 -1.497890 -1.917261
-2.285998 -1.501271 -1.921810
-2.302521 -1.504653 -1.926359
-2.319044 -1.508034 -1.930908
-2.335567 -1.511416 -1.935457
-2.352090 -1.514797 -1.940006
-2.368613 -1.518179 -1.944555
-2.385136 -1.521560 -1.949104
-2.401659 -1.524942 -1.953653
-2.418182 -1.528323 -1.958202
-2.434705 -1.531705 -1.962751
-2.451228 -1.535086 -1.967300
-2.467751 -1.538468 -1.971849
-2.484274 -1.541849 -1.976397
-2.500797 -1.545231 -1.980946
-2.517320 -1.548612 -1.985495
-2.533844 -1.551994 -1.990044
-2.550367 -1.555375 -1.994593
-2.566890 -1.558757 -1.999142
-2.583413 -1.562138 -2.003691
-2.599936 -1.565520 -2.008240
-2.616459 -1.568901 -2.012789
-2.632982 -1.572283 -2.017338
-2.648936 -1.580861 -2.016317
-2.664891 -1.589439 -2.015296
-2.680845 -1.598017 -2.014275
-2.696800 -1.606595 -2.013254
-2.712754 -1.615173 -2.012233
-2.728709 -1.623751 -2.011212
-2.744663 -1.632329 -2.010191
-2.760618 -1.640907 -2.009171
-2.776572 -1.649485 -2.008150
-2.792527 -1.658063 -2.007129
